hdr: ['hdr8', 'hdr1', 'hdr5', 'hdr0', 'hdr7', 'hdr2', 'hdr9', 'hdr4', 'hdr3', 'hdr6']
[['hdr8',
  'hdr1',
  'hdr5',
  'hdr0',
  'hdr7',
  'hdr2',
  'hdr9',
  'hdr4',
  'hdr3',
  'hdr6'],
 [13, 0, 9, 11, 6, 8, 18, 13, 5, 11],
 [3, 13, 8, 17, 20, 5, 19, 17, 5, 11],
 [2, 16, 13, 18, 16, 5, 4, 6, 2, 6],
 [10, 10, 0, 14, 10, 0, 16, 13, 0, 0],
 [5, 18, 5, 9, 3, 20, 13, 3, 18, 5],
 [12, 7, 16, 19, 10, 1, 7, 3, 15, 6],
 [17, 5, 8, 18, 13, 16, 4, 1, 5, 9],
 [0, 4, 7, 11, 17, 10, 5, 12, 10, 0],
 [1, 1, 14, 2, 12, 5, 0, 11, 6, 16],
 [3, 15, 19, 1, 0, 20, 15, 10, 19, 13],
 [17, 6, 11, 3, 17, 4, 2, 15, 5, 10],
 [7, 6, 5, 5, 9, 4, 17, 2, 16, 0],
 [4, 0, 15, 5, 19, 3, 8, 16, 12, 2],
 [14, 13, 5, 7, 5, 0, 11, 10, 5, 12],
 [5, 5, 18, 16, 7, 13, 16, 13, 10, 3]]
rvobj sumA:
[11, 30, 34, 24, 27, 26, 23, 15, 3, 16, 9, 11, 5, 20, 21]
rvclosure sumB:
[11, 30, 34, 24, 27, 26, 23, 15, 3, 16, 9, 11, 5, 20, 21]
partial sumC:
[11, 30, 34, 24, 27, 26, 23, 15, 3, 16, 9, 11, 5, 20, 21]
